7.259000000000000	-0.008305871048395	0.000990753284540	0.008364752593077	-137579.105789285182000
7.259020000000000	-0.008296433538224	0.000920529083985	0.008347345880496	-137579.014369316021000
7.259040000000001	-0.008300735487362	0.000825859634339	0.008341717674843	-137578.744353107118000
7.259060000000001	-0.008288351615547	0.000749694634097	0.008322188086515	-137578.610525338823000
7.259080000000000	-0.008290460561126	0.000644697684107	0.008315489848438	-137578.268218935525000
7.259100000000000	-0.008315530194451	0.000570009364983	0.008335043676610	-137578.122517703450000
7.259120000000000	-0.008249956796637	0.000418861900432	0.008260583056783	-137577.487192349304000
7.259140000000000	-0.008239401246544	0.000307311474020	0.008245130274508	-137577.096251932264000
7.259160000000000	-0.008236040567036	0.000185327755352	0.008238125429900	-137576.628825863386000
7.259180000000001	-0.008231089512964	0.000175540469201	0.008232961133563	-137576.941040607227000
7.259200000000001	-0.008224789837981	0.000036749378064	0.008224871937954	-137576.354844532383000
7.259220000000000	-0.008256324884285	-0.000017036461789	0.008256342461156	-137576.360150366265000
7.259240000000000	-0.008182445336262	-0.000168633603475	0.008184182853110	-137575.677259323653000
7.259260000000000	-0.008162104467709	-0.000259076920486	0.008166215169375	-137575.419407289882000
7.259280000000000	-0.008156628657237	-0.000438176272190	0.008168389651429	-137574.541993573541000
7.259300000000001	-0.008122099210073	-0.000539558817270	0.008140001185231	-137574.195888474874000
7.259320000000001	-0.008082046688594	-0.000665239713801	0.008109378678631	-137573.670598966331000
7.259340000000000	-0.008029213973242	-0.000762560388374	0.008065344095203	-137573.330295632506000
7.259360000000000	-0.008001108001058	-0.000904865086688	0.008052112149597	-137572.682816833432000
7.259380000000000	-0.007938323078155	-0.001088044802297	0.008012541094121	-137571.710196558735000
7.259400000000000	-0.007867751117649	-0.001224652979041	0.007962492233487	-137571.046829020662000
7.259420000000000	-0.007912737983428	-0.001151180965760	0.007996039020059	-137571.996153680404000
7.259440000000001	-0.007787862406421	-0.001382815229751	0.007909676277888	-137570.584745051950000
7.259460000000001	-0.007728982007804	-0.001525581940893	0.007878106570448	-137569.867027477652000
7.259480000000000	-0.007701723551446	-0.001613125640089	0.007868844895765	-137569.582742942439000
7.259500000000000	-0.007504436349509	-0.001913695276645	0.007744597764616	-137567.485859016480000
7.259520000000000	-0.007482759133780	-0.001900912538222	0.007720437340730	-137567.917565234296000
7.259540000000000	-0.007418838323777	-0.002035860608700	0.007693106686664	-137567.205710697890000
7.259560000000000	-0.007283706008053	-0.002240127611163	0.007620403199703	-137565.835023876047000
7.259580000000001	-0.007150954145097	-0.002344136120852	0.007525365063461	-137565.160480778577000
7.259600000000001	-0.007026267614920	-0.002487812159161	0.007453700150647	-137564.191862286185000
7.259620000000000	-0.007061170495953	-0.002519244872024	0.007497114344742	-137564.433981964277000
7.259640000000000	-0.006869518185730	-0.002699055450024	0.007380730345052	-137562.998595464509000
7.259660000000000	-0.006641031570005	-0.002862859115741	0.007231822911990	-137561.507929199666000
7.259680000000000	-0.006613929612749	-0.002921672359972	0.007230507195309	-137561.374466976966000
7.259700000000000	-0.006556672109193	-0.002998038007949	0.007209589519839	-137561.014975246653000
7.259720000000001	-0.006371941287412	-0.003116917520939	0.007093434330602	-137559.900590175384000
7.259740000000001	-0.006145063416339	-0.003254631192801	0.006953734866385	-137558.439100677904000
7.259760000000000	-0.006022289072543	-0.003304989239341	0.006869564727509	-137557.968161749042000
7.259780000000000	-0.005786736018596	-0.003462574939259	0.006743570193814	-137556.210576167010000
7.259800000000000	-0.005534586629361	-0.003577501929106	0.006590156994387	-137554.606671122368000
7.259820000000000	-0.005027659571005	-0.003704251599766	0.006244905177525	-137551.482590047846000
7.259840000000001	-0.004948055749609	-0.003711268166261	0.006185205502095	-137551.372393156634000
7.259860000000001	-0.004818031016311	-0.003768196603436	0.006116594519525	-137550.594433428661000
7.259880000000001	-0.004589742895202	-0.003847118343132	0.005988827881157	-137549.033330387115000
7.259900000000000	-0.004224500567882	-0.003877548821835	0.005734264548637	-137546.834636539104000
7.259920000000000	-0.003896567982990	-0.003883909226955	0.005501635477682	-137544.855328629841000
7.259940000000000	-0.003499957819936	-0.003792160723597	0.005160444524934	-137542.846969438484000
7.259960000000000	-0.003260256836812	-0.003716747101087	0.004944035159201	-137541.777776167146000
7.259980000000001	-0.002764457961623	-0.003619701250541	0.004554609200003	-137538.270608062652000
7.260000000000001	-0.002601291201629	-0.003502688892288	0.004362974374418	-137537.879879410669000
7.260020000000000	-0.002332751015615	-0.003379287275162	0.004106252523765	-137536.277436839766000
7.260040000000000	-0.002018011569166	-0.003185384859357	0.003770815216305	-137534.394480661198000
7.260060000000000	-0.001713832854111	-0.002906482223458	0.003374146109330	-137532.944957316387000
7.260080000000000	-0.001351226762473	-0.002530320946356	0.002868507949299	-137530.901231046533000
7.260100000000000	-0.001139063597498	-0.002258652661522	0.002529620075138	-137529.940242211160000
7.260120000000001	-0.000966085854453	-0.001947808653694	0.002174230997291	-137529.938229607243000
7.260140000000001	-0.000810664668058	-0.001668831199331	0.001855309886757	-137529.845990932168000
7.260160000000000	-0.000658685985505	-0.001190602041640	0.001360661768794	-137533.269555865729000
7.260180000000000	-0.000635021218640	-0.001030129342605	0.001210131567483	-137536.347741890960000
7.260200000000000	-0.000548462428753	-0.000724387674976	0.000908597017061	-137542.206399469403000
7.260220000000000	-0.000486881367351	-0.000144204242708	0.000507787681505	-137578.956931876775000
7.260240000000000	-0.000565228075703	0.000297641803166	0.000638806246490	-137623.605383771297000
7.260260000000001	-0.000608426932460	0.000540582609994	0.000813887517025	-137637.835049145040000
7.260280000000001	-0.000629655644099	0.000644089778233	0.000900731853867	-137642.242993079853000
7.260300000000000	-0.000803799828593	0.001144965303456	0.001398942354268	-137651.903277018107000
7.260320000000000	-0.001025449515274	0.001525626046406	0.001838227826426	-137653.445793018880000
7.260340000000000	-0.001276739675471	0.001822189918743	0.002224958493746	-137652.714870561263000
7.260360000000000	-0.001577595711254	0.002193865578955	0.002702194368785	-137652.392196001281000
7.260380000000000	-0.001882777928440	0.002501014431249	0.003130483335387	-137651.518776492186000
7.260400000000001	-0.002238905494395	0.002719471983438	0.003522531146993	-137649.406776890362000
7.260420000000001	-0.002380546394580	0.002790022048633	0.003667591057984	-137648.778495055681000
7.260440000000000	-0.002489737106143	0.002825205272910	0.003765710516195	-137648.241624555230000
7.260460000000000	-0.002814312023522	0.002981351046728	0.004099854415655	-137646.660446241003000
7.260480000000000	-0.002983569080757	0.002980653542210	0.004217342765099	-137645.361086524208000
7.260500000000000	-0.003245519340496	0.003074122627598	0.004470304879876	-137644.215076643275000
7.260520000000001	-0.003500770908681	0.003087231498211	0.004667589879008	-137642.556330553023000
7.260540000000001	-0.003668992261077	0.003109851317494	0.004809644418121	-137641.812433370563000
7.260560000000000	-0.004009908363798	0.003160965480862	0.005105983534762	-137640.155549195944000
7.260580000000000	-0.004190061149126	0.003154705892701	0.005244881476531	-137639.262938847794000
7.260600000000000	-0.004433791491899	0.003134101905128	0.005429650241532	-137637.921544542740000
7.260620000000000	-0.004609222056857	0.003122327237017	0.005567212529124	-137637.159896802186000
7.260640000000000	-0.004757268533472	0.003071310554158	0.005662557056635	-137636.271816338267000
7.260660000000001	-0.004893961578210	0.003028314431860	0.005755132337940	-137635.553549724049000
7.260680000000001	-0.005113457109189	0.002993853266776	0.005925419899931	-137634.532786901778000
7.260700000000000	-0.005288862293298	0.002972247564243	0.006066821238558	-137633.899202815548000
7.260720000000000	-0.005546597975199	0.002842958932880	0.006232749360637	-137632.081335984810000
7.260740000000000	-0.005642620738484	0.002796065013427	0.006297392187063	-137631.682661710598000
7.260760000000000	-0.005807297387318	0.002736152433217	0.006419597579487	-137630.930414332397000
7.260780000000000	-0.005912275198019	0.002623671531017	0.006468280321676	-137630.012182649807000
7.260800000000001	-0.006061115167950	0.002516110852238	0.006562616162774	-137629.006140424666000
7.260820000000001	-0.006198383500304	0.002432266159211	0.006658519106084	-137628.266399801447000
7.260840000000000	-0.006259519853765	0.002408680869654	0.006706961482781	-137628.267594201315000
7.260860000000000	-0.006410003114462	0.002318942401355	0.006816570529835	-137627.488832768431000
7.260880000000000	-0.006549329467750	0.002160626245245	0.006896522475044	-137626.237541267299000
7.260900000000000	-0.006624080161741	0.002048254822263	0.006933526217308	-137625.541647544945000
7.260920000000000	-0.006661011788764	0.002032474230385	0.006964196259960	-137625.707387269940000
7.260940000000001	-0.006817599934462	0.001890109153517	0.007074756637410	-137624.613888891821000
7.260960000000001	-0.006837372305444	0.001825529001222	0.007076878985652	-137624.446799735800000
7.260980000000000	-0.006912420971766	0.001735728341973	0.007127013158963	-137623.973172684869000
7.261000000000000	-0.007012324372739	0.001640293900823	0.007201614901506	-137623.422681591357000
7.261020000000000	-0.007029060659258	0.001580244917735	0.007204503296658	-137623.306891163258000
7.261040000000000	-0.007107892209465	0.001426885272019	0.007249698837944	-137622.367139603331000
7.261060000000001	-0.007153636896759	0.001396407191458	0.007288653777964	-137622.440997096448000
7.261080000000001	-0.007208613095345	0.001310198137440	0.007326712899911	-137622.076467648963000
7.261100000000001	-0.007263143507386	0.001221081505119	0.007365072548932	-137621.698022647324000
7.261120000000000	-0.007325065341504	0.001104946316804	0.007407934166845	-137621.112306604889000
7.261140000000000	-0.007362000563009	0.001052916638259	0.007436913723909	-137621.053028571245000
7.261160000000000	-0.007397949534819	0.000906404758192	0.007453269544663	-137620.278419253329000
7.261180000000000	-0.007434473994233	0.000833556896863	0.007481057456752	-137620.070140623720000
7.261200000000001	-0.007495694615495	0.000776152111687	0.007535771351975	-137619.964065352280000
7.261220000000001	-0.007506808307663	0.000693551407317	0.007538778715587	-137619.710449738515000
7.261240000000000	-0.007559915468836	0.000549019183501	0.007579824797435	-137618.965097687818000
7.261260000000000	-0.007590363025630	0.000502366542683	0.007606969370521	-137618.977554281737000
7.261280000000000	-0.007622891832718	0.000387268185537	0.007632722747542	-137618.478818402800000
7.261300000000000	-0.007666173999926	0.000344832800001	0.007673925557177	-137618.525528462953000
7.261320000000000	-0.007702883209681	0.000201341535991	0.007705514139634	-137617.826856327068000
7.261340000000001	-0.007732678373442	0.000174903043143	0.007734656159235	-137618.004843238421000
7.261360000000001	-0.007718657049768	0.000088293991094	0.007719162032293	-137617.744023860665000
7.261380000000000	-0.007760524363341	-0.000040214462605	0.007760628556825	-137617.171279374277000
7.261400000000000	-0.007769095485980	-0.000129507515942	0.007770174828597	-137616.892706597253000
7.261420000000000	-0.007808117261804	-0.000210110036354	0.007810943694680	-137616.685839123849000
7.261440000000000	-0.007819727542577	-0.000322035381785	0.007826355833161	-137616.248537986335000
7.261460000000000	-0.007802335077952	-0.000339046138040	0.007809698134522	-137616.498129104642000
7.261480000000001	-0.007846397070736	-0.000408887805433	0.007857043733434	-137616.382782485685000
7.261500000000001	-0.007833841255419	-0.000507041061268	0.007850233082712	-137616.042118222511000
7.261520000000000	-0.007853272731406	-0.000555301820327	0.007872880839026	-137616.080295544001000
